138
140
185
264
310
472
588
609
654
687
780
781
843
882
961
1152
1355
1376
1540
1542
1779
1813
2014
2025
2063
2149
2336
2451
2486
2564
2624
2658
2722
2761
2825
2939
2940
2987
3197
3323
3440
3491
3514
3567
3580
3798
3970
4000
4116
4127
4184
4199
4401
4478
4520
4560
4615
4668
4793
5003
5006
5009
5053
5072
5129
5212
5263
5320
5431
5432
5435
5503
5506
5515
5528
5571
5646
5659
5764
5852
5997
6045
6112
6116
6153
6234
6253
6258
6317
6564
6568
6714
6746
6965
7099
7133
7154
7189
7266
7305
7349
7362
7363
7585
7772
7818
7820
7823
7999
8032
8108
8293
8294
8295
8410
8439
8533
8563
8583
8660
8772
8773
8778
8885
8897
8909
8917
8919
8932
8961
8992
8995
9009
9226
9366
9531
9534
9654
9942
10008
